HEDERA_ACCOUNT_ID=0.0.7045006
HEDERA_PRIVATE_KEY=3030020100300706052b8104000a042204207b527d0175558048a12183ce48d2dc193f512a43846708c3c5b459f986ba1604
HEDERA_TOPIC_ID=0.0.8113854
